11601424
11601695
11602069
11602072
11602293
11602319
11602322
11602640
11602648
11602700
11608446
11608638
11609132
11609797
11610382
11610529
11610836
11611001
11611832
11611878
11602864
11611939
11612039
11613317
11613320
11614482
11614828
11614920
11615005
11615615
11616053
11602952
11703533
11603953
11603953
11607043
11607043
11612846
11612846
11612847
11612847
11602986
11603004
11603498
11603502
11603634
11604411
11604749
11604997
11605514
11605515
11605579
11605588
11605740
11605868
11605889
11605908
11606060
11606917
11606961
11606976
11607133
11607298
11607778
11608041
11608123
11608282
11608446
11608638
11609132
11609797
11610382
11610529
11610836
11611001
11611832
11611878
11611939
11612039
11613317
11613320
11614482
11614828
11614920
11615005
11615615
11616053
11703533
11601424
11601695
11602069
11602072
11602293
11602319
11602322
11602640
11602648
11602700
11602864
11602952
11602986
11603004
11603498
11603502
11603634
11604411
11604749
11604997
11605514
11605515
11605579
11605588
11605740
11605868
11605889
11605908
11606060
11606917
11606961
11606976
11607133
11607298
11607778
11608041
11608123
11608282