4054
423
94
303
225
176
63
135
21
481
456
161
444
415
52
43
439
336
14
468
8
100
386
167
134
52
211
34
391
134
34
445
57
480
248
134
156
164
121
177
145
77
190
441
345
242
485
284
430
351
104
291
451
342
310
85
394
21
471
285
156
5
82
65
485
331
52
493
347
173
170
492
103
213
433
448
307
270
84
90
121
189
381
424
31
191
362
278
64
333
415
220
191
498
138
176
181
190
22
28
363
44
20
466
257
305
266
417
428
351
7
49
392
240
474
275
431
336
53
495
21
469
68
212
319
58
241
0
248
263
28
463
307
400
282
65
57
400
482
485
251
341
387
495
81
361
271
364
49
324
211
70
145
131
283
316
189
376
316
289
139
196
253
446
96
387
11
6
287
345
343
391
186
230
386
119
443
157
483
344
334
195
415
331
326
50
148
16
426
464
157
65
161
410
363
109
297
375
467
437
72
311
328
111
41
214
230
337
224
66
181
58
113
96
389
439
498
37
307
276
354
465
193
367
227
57
328
377
284
296
314
356
107
494
319
0
60
402
337
284
468
19
194
81
467
436
372
318
473
32
94
179
349
140
46
76
197
375
305
481
23
119
189
130
465
361
130
26
263
468
162
83
487
357
16
306
293
240
124
118
272
219
150
121
359
196
50
408
423
355
241
446
327
282
428
292
143
59
170
406
379
333
341
218
190
357
24
335
98
149
305
222
220
455
344
431
152
246
191
427
101
432
226
428
214
154
221
358
65
391
116
444
76
310
14
118
19
39
453
469
40
259
192
112
214
388
43
218
134
86
498
235
18
76
16
84
82
237
294
148
480
263
444
409
73
459
27
92
498
333
62
390
444
254
2
158
142
397
229
128
483
79
363
353
155
379
437
237
468
232
237
301
495
182
210
420
493
89
12
491
422
426
233
366
180
235
377
174
132
458
154
467
389
370
320
44
101
109
133
70
341
371
223
188
405
285
108
398
226
473
241
149
399
474
367
432
61
96
458
45
406
113
12
295
483
332
339
84
293
325
6
135
48
229
175
453
366
284
203
93
109
296
94
8
122
313
440
183
410
399
228
316
364
92
112
347
276
303
431
69
480
438
204
28
19
232
333
386
368
36
331
477
184
425
485
306
238
278
489
0
29
217
317
393
161
281
240
437
436
23
7
269
313
211
297
333
295
131
71
163
19
402
140
204
327
478
10
417
108
352
418
137
421
87
382
83
220
122
20
8
497
27
277
311
91
427
144
386
58
67
50
429
469
190
485
148
20
348
417
128
200
335
265
473
274
499
56
494
473
77
355
471
456
132
282
47
59
278
434
469
197
336
251
166
378
236
166
399
436
83
27
488
271
145
462
45
496
370
392
470
299
247
441
256
379
75
303
291
205
89
260
402
277
11
420
156
100
86
55
388
21
434
377
292
431
191
338
428
61
230
398
213
477
191
469
208
118
124
499
323
66
112
77
343
475
497
499
427
435
406
316
456
193
45
249
124
88
439
404
1
21
154
214
350
345
183
58
463
160
410
138
226
22
215
69
349
212
69
277
147
327
445
456
20
342
57
145
282
496
401
283
17
56
498
367
253
33
277
69
193
187
207
271
61
423
341
411
487
262
40
487
89
337
443
110
179
0
107
461
348
360
96
365
416
446
84
22
332
361
91
377
401
150
149
314
425
342
225
413
104
117
252
45
454
47
7
485
399
114
298
247
327
395
464
243
341
400
117
25
261
208
403
14
359
52
329
136
394
406
49
350
24
153
395
330
200
403
316
99
369
466
346
196
361
162
292
55
62
409
432
176
470
335
190
181
239
371
317
133
278
219
335
154
372
231
336
425
486
4
24
355
471
223
404
184
385
196
91
300
457
24
476
427
359
18
460
99
242
130
84
372
349
420
26
73
3
362
498
489
219
23
196
190
98
100
374
335
148
466
135
106
490
463
385
201
334
198
300
76
328
237
448
177
157
326
250
160
40
249
1
259
124
197
449
74
298
176
409
446
494
397
404
336
360
290
37
46
340
190
122
168
279
422
345
436
248
447
448
289
48
449
48
24
146
350
98
296
378
8
243
224
257
499
60
469
141
449
16
481
491
490
149
270
413
494
58
161
294
358
302
342
159
351
367
306
53
317
454
283
325
49
7
434
49
67
404
190
368
420
24
360
410
173
482
323
20
41
337
314
399
139
8
59
342
375
217
395
193
23
30
370
73
37
305
474
456
61
164
325
481
188
185
243
214
19
419
234
60
256
400
312
247
408
371
90
136
440
337
181
463
368
51
388
257
208
362
214
121
379
39
454
67
76
198
133
95
469
367
8
77
267
320
324
176
43
266
312
335
104
493
298
324
396
187
81
457
401
295
78
280
186
33
348
262
83
333
210
52
201
218
481
320
390
305
496
433
72
160
268
28
5
418
204
254
457
285
211
359
433
141
139
119
26
339
234
109
173
296
13
374
14
494
46
256
152
395
189
224
55
309
104
413
227
308
167
185
93
230
44
378
371
183
350
250
375
84
359
48
380
225
274
246
219
320
2
223
215
43
447
123
352
403
36
79
211
55
116
157
285
160
35
8
196
385
110
71
321
470
119
53
47
245
151
118
65
5
342
133
400
141
256
252
45
144
184
256
199
300
265
336
313
153
196
9
38
307
432
212
129
403
265
28
148
269
146
65
274
340
198
175
482
306
279
27
450
463
135
1
116
401
189
429
54
238
290
444
397
222
156
378
125
274
406
125
395
404
190
21
245
241
48
227
399
328
254
202
143
241
55
259
494
245
188
48
335
330
345
232
52
353
110
29
479
368
154
374
272
197
396
17
290
444
244
189
124
350
391
268
444
299
27
438
396
68
339
231
398
184
315
303
389
277
332
369
145
339
95
269
388
343
287
178
140
383
219
264
86
463
32
30
262
412
468
158
332
159
241
82
195
56
385
85
333
70
306
330
261
401
99
149
97
386
179
237
270
250
1
208
213
386
238
327
298
58
485
482
218
226
64
413
134
302
350
467
224
156
297
485
410
397
486
7
135
17
96
257
267
97
465
481
483
203
308
133
114
146
115
332
224
180
97
359
334
448
326
58
456
476
395
218
373
233
225
360
250
321
118
17
271
83
350
254
139
159
240
253
157
355
437
381
387
34
240
73
334
419
131
291
395
378
9
120
111
87
480
361
260
450
231
31
386
81
138
25
92
378
130
249
85
67
483
325
453
223
398
288
494
382
79
389
260
440
361
372
27
342
85
140
144
316
171
30
250
161
55
342
39
37
444
477
104
427
302
410
2
200
198
497
82
129
386
343
69
248
67
449
442
4
89
86
173
112
469
423
274
376
265
165
414
209
142
370
488
296
280
491
497
478
488
431
107
226
126
29
474
193
478
268
50
419
207
223
31
176
146
305
52
263
323
318
325
317
189
313
114
469
304
463
300
144
394
407
371
21
288
197
66
266
318
116
37
25
191
69
53
337
226
457
101
49
276
426
367
317
91
481
286
396
444
86
392
338
346
263
211
134
461
130
253
131
98
290
156
290
211
61
127
438
18
80
487
146
358
354
463
450
187
102
198
483
188
90
322
386
206
385
373
19
15
478
150
114
268
158
404
480
219
383
270
89
316
257
88
174
464
51
476
3
153
174
487
194
117
161
432
175
46
305
194
414
283
196
28
404
354
284
236
73
19
6
14
335
115
102
362
431
6
338
435
11
365
422
57
334
83
490
9
129
147
55
43
283
251
423
39
105
59
127
30
79
133
44
266
100
499
128
32
5
319
467
16
184
241
74
370
324
64
379
305
63
286
201
346
37
476
237
142
36
364
24
467
349
68
233
450
67
214
334
72
33
153
441
69
394
15
439
218
431
170
375
346
456
76
193
345
53
282
487
441
147
363
408
496
431
493
298
351
59
132
275
444
285
216
13
31
83
304
101
14
326
477
361
134
405
406
479
310
40
318
251
187
181
11
36
113
357
334
316
268
319
443
213
104
160
78
488
95
235
89
110
61
418
323
196
324
81
27
134
121
346
238
161
27
249
197
492
458
31
160
227
350
104
440
307
116
18
295
211
105
236
173
167
155
496
215
331
429
94
465
403
440
203
64
320
305
113
164
263
496
325
490
347
429
282
6
45
153
153
108
258
241
282
277
396
130
492
79
60
87
45
315
379
100
379
199
257
344
364
21
340
41
363
39
322
498
45
219
151
50
327
409
292
109
187
40
240
31
120
300
470
17
467
350
469
346
401
227
190
117
100
382
10
463
422
332
313
319
51
464
370
379
226
14
340
413
406
80
296
26
232
267
395
199
469
365
397
222
92
439
340
44
322
202
7
244
35
173
63
438
137
285
317
363
299
10
128
206
90
425
84
175
44
480
374
365
197
124
87
141
63
279
185
385
482
44
481
17
217
397
307
355
182
125
218
334
487
199
40
77
476
476
252
20
308
479
385
5
103
324
146
18
104
331
256
438
376
237
307
93
486
114
448
169
91
19
3
78
70
395
8
46
223
112
418
32
91
303
37
46
479
36
65
435
367
321
373
95
410
180
189
397
295
489
418
238
360
273
317
430
168
325
328
243
437
246
275
381
401
165
427
381
201
344
316
420
17
42
16
428
74
57
177
221
398
95
460
259
368
277
41
388
454
370
131
391
468
259
272
370
276
52
251
477
396
419
249
266
313
117
194
388
174
371
461
425
318
421
184
186
50
77
74
4
299
57
248
268
168
372
138
444
424
241
273
173
12
23
439
178
140
485
418
167
356
379
92
26
301
128
212
351
57
138
208
357
47
456
477
216
328
467
160
253
208
434
278
72
457
217
250
449
54
20
468
262
400
412
288
201
392
0
404
450
490
112
307
37
68
136
253
249
103
414
2
163
200
132
235
9
201
338
458
255
358
279
17
110
191
305
163
84
157
68
386
147
32
45
36
453
181
290
202
284
56
56
447
256
188
34
117
241
372
427
496
83
206
365
193
250
22
209
186
179
277
72
178
161
117
214
114
298
356
168
82
264
224
381
372
264
415
489
5
140
417
353
223
475
218
268
225
240
477
411
271
106
335
449
120
452
16
86
250
224
255
184
341
331
65
213
96
333
55
453
473
324
307
48
299
377
316
25
118
146
288
241
104
124
43
224
428
59
163
31
135
418
215
476
249
133
42
197
466
449
3
439
273
310
339
424
39
7
301
157
153
90
251
110
66
294
186
494
353
349
25
340
119
93
169
221
78
63
418
44
12
421
335
137
83
174
61
123
181
215
132
187
305
383
149
223
177
187
69
382
389
447
75
8
40
244
229
470
307
0
14
171
273
201
160
209
227
221
184
260
436
316
299
93
52
300
168
81
488
90
316
377
37
243
385
429
487
467
399
146
467
265
169
92
318
329
301
45
402
485
157
191
154
457
136
58
257
305
491
97
395
307
474
284
50
212
213
389
31
464
387
350
229
56
442
399
385
96
444
140
81
453
331
87
410
467
145
20
124
137
469
19
296
296
155
199
360
220
440
391
184
328
241
265
384
35
164
122
131
460
262
213
414
93
300
176
412
298
48
37
287
18
408
83
314
64
282
174
284
75
65
469
403
158
86
287
45
251
261
177
63
23
242
477
468
394
6
381
192
54
270
479
72
178
415
238
242
49
412
379
124
329
200
27
339
286
167
385
389
428
62
453
304
304
282
124
50
288
5
243
195
127
74
267
306
341
6
48
391
270
279
15
100
479
395
439
266
62
324
7
342
238
312
146
394
95
123
445
235
480
40
430
108
466
50
414
308
408
314
199
178
94
66
130
73
461
422
191
375
246
51
218
337
363
216
231
458
339
176
46
320
68
328
428
35
378
194
343
138
8
394
317
454
460
299
380
422
221
423
297
320
474
367
157
338
84
388
148
275
417
46
95
337
375
375
372
105
421
67
244
282
461
413
236
422
212
468
196
434
392
493
106
218
361
263
56
297
3
57
72
420
103
20
110
330
395
482
436
317
402
32
451
363
445
187
285
9
8
333
295
400
327
401
470
40
164
27
337
168
84
261
440
39
281
50
370
177
385
158
346
287
190
149
2
487
188
140
496
196
473
144
448
300
45
419
192
62
298
381
82
234
143
374
273
424
277
143
453
162
153
151
301
343
300
303
330
489
443
327
185
269
471
486
69
368
405
114
430
203
495
364
437
138
239
210
63
16
206
368
30
359
20
183
55
320
338
385
161
134
64
347
403
387
333
324
256
90
438
38
293
434
403
82
424
142
144
487
158
202
356
40
414
228
223
469
48
61
206
210
195
271
409
98
158
94
423
414
36
361
305
181
147
208
263
72
350
407
411
360
462
119
252
376
347
475
197
248
36
403
458
84
174
219
182
333
165
457
99
201
171
404
382
318
464
145
242
166
404
154
26
218
273
278
94
473
105
291
221
494
195
31
78
221
250
112
406
267
422
6
468
93
262
350
263
227
347
6
393
103
160
272
322
285
402
268
258
8
60
331
354
107
362
432
180
464
396
87
231
318
93
199
263
207
401
27
286
100
33
32
204
45
156
378
182
58
146
293
418
58
124
124
17
487
408
198
451
305
285
183
475
230
234
239
289
136
266
76
88
151
460
144
48
116
22
230
26
21
23
297
79
0
421
449
487
330
147
290
487
284
325
314
14
60
53
303
48
171
231
136
174
43
281
222
159
155
305
38
176
180
187
108
180
460
57
19
142
56
162
129
340
487
444
206
47
349
361
447
373
93
436
47
488
69
122
148
224
279
38
253
459
225
213
492
185
270
363
328
326
25
309
18
13
105
224
412
455
85
212
180
30
148
227
19
69
201
19
145
480
409
398
440
486
111
284
171
233
147
351
411
173
13
429
38
118
5
450
425
443
162
105
473
162
185
344
231
386
363
377
219
272
127
11
258
91
295
282
324
294
485
88
319
350
17
357
321
375
160
98
318
174
56
143
337
241
488
420
479
203
149
50
476
277
61
86
368
356
220
44
3
58
132
322
260
2
180
81
377
192
180
47
366
236
190
203
329
178
476
160
382
125
211
210
254
272
148
474
481
221
19
336
131
3
158
391
357
190
473
234
382
5
133
249
93
324
304
422
2
280
434
236
258
497
446
12
122
447
487
103
168
358
291
299
361
449
190
71
140
15
157
22
20
291
123
113
115
428
387
469
60
174
206
318
171
4
331
293
451
170
248
471
28
39
270
241
341
313
312
481
328
322
355
201
113
331
166
228
111
54
197
171
80
255
490
251
260
173
397
63
195
145
35
75
37
157
168
378
470
333
211
151
155
418
352
268
249
370
496
360
276
45
384
356
301
374
108
413
399
357
476
446
2
11
21
391
21
189
121
491
22
332
142
177
251
346
445
352
217
293
213
493
339
97
202
492
323
310
257
74
167
233
20
21
97
393
265
118
82
386
461
105
219
456
134
322
154
432
174
223
225
239
217
416
188
271
260
363
81
17
289
100
103
309
473
52
54
90
22
137
477
483
94
48
291
228
222
446
160
396
169
238
488
238
154
28
9
415
392
442
284
33
394
387
195
368
439
249
310
461
386
287
297
332
187
88
413
409
386
425
158
56
163
146
294
170
26
156
437
270
98
221
304
493
461
499
213
252
248
23
66
487
163
363
171
350
303
84
260
190
10
418
98
25
416
392
47
442
48
484
65
499
58
369
492
19
220
57
123
320
80
189
159
243
404
331
446
60
415
206
250
277
476
348
155
244
92
202
186
493
39
103
492
97
324
336
468
44
393
443
217
325
133
376
421
37
207
367
97
475
425
199
104
401
399
111
145
344
314
183
337
205
287
181
154
111
369
474
8
262
417
225
87
50
101
8
440
161
375
389
488
152
89
92
53
340
204
50
184
370
234
373
75
373
54
229
336
423
55
344
37
472
421
477
23
23
485
315
36
213
204
24
365
145
468
271
486
24
321
22
394
55
396
321
280
302
402
117
78
457
461
115
430
235
92
305
258
430
120
146
495
324
170
360
470
490
483
308
15
305
330
409
212
78
83
493
381
485
110
459
295
423
426
77
158
371
382
268
301
2
266
296
326
436
8
148
279
492
308
294
149
139
55
361
217
138
354
450
476
316
409
123
92
188
200
102
59
82
223
212
84
489
360
262
278
368
263
57
212
71
351
361
62
258
75
132
397
281
82
225
450
344
200
42
32
400
496
443
482
219
155
418
209
15
32
487
235
147
44
300
219
247
13
133
5
88
265
254
222
200
331
172
44
31
66
428
431
62
371
265
282
378
35
491
245
68
478
332
215
374
132
286
121
498
272
478
438
389
233
160
89
416
332
133
448
398
413
379
313
136
497
95
14
32
438
111
100
268
444
168
142
428
306
115
278
430
445
217
320
178
377
409
95
62
395
395
312
308
274
125
297
123
220
311
156
10
275
108
278
71
128
420
499
435
387
278
365
333
347
37
363
224
447
310
138
342
205
451
2
332
76
299
455
149
463
111
159
238
220
438
161
200
210
160
135
98
290
353
283
137
242
146
214
189
457
352
383
162
303
238
346
232
37
302
233
352
265
244
442
337
182
103
38
245
116
25
195
406
230
478
396
473
124
462
162
433
314
398
448
470
136
294
202
25
96
287
378
214
31
320
51
66
276
89
311
392
115
358
150
345
336
398
170
312
360
333
246
175
231
46
145
219
340
199
244
289
486
122
3
17
295
54
83
423
496
246
315
463
104
317
160
292
216
331
105
76
164
203
103
247
249
248
318
441
299
62
230
285
37
85
155
332
140
90
255
488
189
422
451
293
239
111
438
455
442
43
384
458
98
487
57
347
88
375
288
387
438
371
25
327
456
32
159
448
474
266
436
163
40
239
309
279
203
247
87
145
142
323
456
240
310
365
439
250
241
79
490
31
302
367
358
259
399
369
59
225
487
348
389
27
87
198
158
290
297
245
288
439
420
244
31
231
461
470
481
202
401
323
85
204
190
443
463
89
164
374
315
151
222
56
30
310
106
189
452
403
286
240
194
207
336
225
290
298
47
123
352
448
447
438
4
137
233
319
79
250
194
246
401
416
302
284
78
260
473
31
163
111
123
209
318
312
434
460
462
333
84
314
133
31
104
138
20
338
457
99
88
151
197
341
420
499
125
498
111
450
381
126
62
5
335
232
169
121
193
131
454
277
445
88
160
402
226
180
92
183
280
32
187
477
225
107
329
351
105
440
153
339
67
215
344
402
448
13
437
